actuator_coefficient:
  rm_3508: # RoboMaster 3508 motor
    act2pos: 3.99456179e-5  # 2PI/8192*(187/3591)
    act2vel: 0.0054532426   # 2PI/60*(187/3591)
    act2effort: 0.00036621  # 20/16384*0.3
    effort2act: 2730.6666   # 1/act2effort
    max_out: 16384
  rm_6020: # RoboMaster 3508 motor
    act2pos: 0.0007670840  # 2PI/8192
    act2vel: 0.1047197551   # 2PI/60
    act2effort: 5.880969e-5  # special coefficient identify by hands...
    effort2act: 17004.0   # 1/act2effort
    max_out: 30000

  cheetah: # MIT cheetah motor
    act2pos: 3.81475547e-4  # 25/65535
    act2pos_offset: -12.5
    act2vel: 0.0317446031   # 130/4095
    act2vel_offset: -65.0
    act2effort: 0.008791208  # 36/4095
    act2effort_offset: -18.0
    pos2act: 2621.4         # 65535/25
    vel2act: 31.5           # 4095/130
    kp2act: 8.19            # 4095/500
    kd2act: 819             # 4095/5
    effort2act: 113.75      # 4095/36